**  TIME = 200  1901-Jul-20 
RESULTS PROP  Pressure   Units: psi 
RESULTS PROP  Minimum Value:      2002.77   Maximum Value:      2015.92 
PRES ALL 
** K = 1, J = 1 
           0            0            0            0            0            0            0 
           0            0            0            0            0            0            0 
           0            0            0            0            0            0            0 
           0            0            0            0            0            0            0 
           0            0            0            0            0            0            0 
           0            0            0      2004.99      2004.99      2004.99      2004.99 
     2004.98      2004.98      2004.98      2004.98            0            0            0 
           0            0            0            0            0 
** K = 1, J = 2 
           0            0            0            0            0            0            0 
           0            0            0            0            0            0            0 
           0            0            0            0            0            0            0 
           0            0            0            0            0            0            0 
           0            0            0            0            0            0            0 
           0            0            0      2004.99      2004.99      2004.99      2004.99 
     2004.98      2004.98      2004.98      2004.98            0            0            0 
           0            0            0            0            0 
** K = 1, J = 3 
           0            0            0            0            0            0            0 
           0            0            0            0            0            0            0 
           0            0            0            0            0            0            0 
           0            0            0            0            0            0            0 
           0            0      2005.04      2005.04      2005.03      2005.03      2005.03 
     2005.02      2005.01      2005.01         2005         2005      2004.99      2004.99 
     2004.98      2004.98      2004.98      2004.98            0            0            0 
           0            0            0            0            0 
** K = 1, J = 4 
           0            0            0            0            0            0            0 
           0            0            0            0            0            0            0 
           0            0            0            0            0            0            0 
           0            0            0            0            0            0            0 
           0            0      2005.05      2005.04      2005.04      2005.03      2005.03 
     2005.02      2005.02      2005.01         2005         2005      2004.99      2004.98 
     2004.98      2004.98      2004.97      2004.97            0            0            0 
           0            0            0            0            0 
** K = 1, J = 5 
           0            0            0            0            0            0            0 
           0            0            0            0            0            0            0 
           0            0            0            0            0            0            0 
           0            0            0            0            0            0            0 
           0            0      2005.07      2005.06      2005.05      2005.04      2005.03 
     2005.03      2005.02      2005.01         2005      2004.99      2004.99      2004.98 
     2004.97      2004.97      2004.97      2004.97            0            0            0 
           0            0            0            0            0 
** K = 1, J = 6 
           0            0            0            0            0            0            0 
           0            0            0            0            0            0            0 
           0            0            0            0            0            0            0 
           0            0            0            0            0            0            0 
           0            0       2005.1      2005.09      2005.07      2005.05      2005.04 
     2005.03      2005.02      2005.01         2005      2004.99      2004.98      2004.97 
     2004.97      2004.96      2004.96      2004.96            0            0            0 
           0            0            0            0            0 
** K = 1, J = 7 
           0            0            0            0            0            0            0 
           0            0            0            0            0            0            0 
           0            0            0            0            0            0            0 
           0            0            0            0            0      2005.27      2005.25 
     2005.21      2005.17      2005.14      2005.13       2005.1      2005.07      2005.05 
     2005.03      2005.02      2005.01         2005      2004.99      2004.98      2004.97 
     2004.96      2004.96      2004.95      2004.95      2004.94      2004.93      2004.93 
     2004.93            0            0            0            0 
** K = 1, J = 8 
           0            0            0            0            0            0            0 
           0            0            0            0            0            0            0 
           0            0            0            0            0            0            0 
           0            0            0            0            0      2005.34      2005.31 
     2005.25       2005.2      2005.17      2005.14      2005.11      2005.08      2005.06 
     2005.04      2005.02      2005.01      2004.99      2004.98      2004.97      2004.96 
     2004.95      2004.95      2004.94      2004.94      2004.93      2004.93      2004.92 
     2004.92            0            0            0            0 
** K = 1, J = 9 
           0            0            0            0            0            0            0 
           0            0            0            0            0            0            0 
     2006.27      2006.24      2006.21      2006.16      2006.06      2005.97      2005.91 
     2005.86      2005.82      2005.74      2005.63      2005.52      2005.43      2005.37 
     2005.31      2005.25       2005.2      2005.16      2005.12      2005.09      2005.06 
     2005.04      2005.02         2005      2004.98      2004.97      2004.96      2004.95 
     2004.94      2004.93      2004.93      2004.92      2004.92      2004.91      2004.91 
      2004.9       2004.9      2004.89      2004.89      2004.89 
** K = 1, J = 10 
           0            0            0            0            0            0            0 
           0            0            0            0            0            0            0 
     2006.37      2006.31      2006.24      2006.17      2006.08      2005.98      2005.92 
     2005.87      2005.82      2005.77      2005.69       2005.6      2005.51      2005.43 
     2005.35      2005.28      2005.21      2005.16      2005.11      2005.07      2005.04 
     2005.02         2005      2004.98      2004.96      2004.95      2004.94      2004.93 
     2004.92      2004.91      2004.91       2004.9       2004.9      2004.89      2004.89 
     2004.89      2004.88      2004.88      2004.88      2004.89 
** K = 1, J = 11 
     2008.37      2008.36      2008.34      2008.31      2008.25       2008.2      2008.16 
     2008.08      2007.93      2007.77      2007.64      2007.53      2007.42      2007.17 
     2006.78      2006.51       2006.3      2006.12         2006      2005.95      2005.94 
     2005.93      2005.91      2005.86      2005.78      2005.68      2005.58      2005.47 
     2005.37      2005.27      2005.19      2005.12      2005.07      2005.03         2005 
     2004.98      2004.96      2004.94      2004.93      2004.92      2004.91       2004.9 
     2004.89      2004.89      2004.88      2004.87      2004.87      2004.86      2004.86 
     2004.85      2004.85      2004.85            0            0 
** K = 1, J = 12 
     2008.39      2008.39      2008.38      2008.35       2008.3      2008.25       2008.2 
     2008.16      2008.06       2007.9      2007.76      2007.63      2007.47      2007.26 
     2007.01      2006.71      2006.37      2006.05      2005.81      2005.85      2005.95 
     2006.02      2006.04      2006.01      2005.93      2005.81      2005.67      2005.51 
     2005.36      2005.21      2005.08         2005      2004.96      2004.93      2004.92 
     2004.91       2004.9      2004.89      2004.88      2004.88      2004.87      2004.86 
     2004.86      2004.85      2004.84      2004.84      2004.83      2004.82      2004.81 
      2004.8       2004.8      2004.79            0            0 
** K = 1, J = 13 
     2008.43      2008.43      2008.42      2008.42      2008.38      2008.33      2008.29 
     2008.24      2008.18       2008.1      2007.99      2007.87      2007.74      2007.57 
     2007.33      2006.98      2006.52      2005.83      2004.68      2005.58      2006.08 
     2006.32       2006.4      2006.36      2006.24      2006.05      2005.82      2005.57 
     2005.29         2005      2004.77      2004.73      2004.75      2004.78       2004.8 
     2004.82      2004.83      2004.83      2004.83      2004.83      2004.82      2004.82 
     2004.81       2004.8      2004.79      2004.78      2004.77      2004.76      2004.74 
     2004.73      2004.72      2004.72            0            0 
** K = 1, J = 14 
     2008.49      2008.48      2008.48      2008.47      2008.46      2008.43       2008.4 
     2008.37      2008.33      2008.28      2008.23      2008.16      2008.08         2008 
     2007.91      2007.79      2007.64      2007.49      2007.38      2007.49      2007.54 
     2007.47       2007.3      2007.06      2006.77      2006.45      2006.09      2005.68 
     2005.19      2004.54      2003.57      2004.17      2004.47      2004.63      2004.72 
     2004.76      2004.78      2004.79      2004.79      2004.78      2004.77      2004.76 
     2004.74      2004.73      2004.71       2004.7      2004.68      2004.66      2004.65 
     2004.64      2004.63      2004.63            0            0 
** K = 1, J = 15 
     2008.54      2008.53      2008.53      2008.52      2008.51       2008.5      2008.49 
     2008.47      2008.46      2008.45      2008.44      2008.44      2008.46       2008.5 
     2008.58      2008.72      2008.94      2009.28      2009.73       2010.1      2009.71 
     2009.12      2008.52      2007.96      2007.45      2006.97      2006.52      2006.09 
     2005.66      2005.26      2004.93      2004.83      2004.81      2004.81      2004.81 
      2004.8      2004.79      2004.77      2004.75      2004.72       2004.7      2004.67 
     2004.65      2004.62       2004.6      2004.57      2004.56      2004.54      2004.53 
     2004.53      2004.52      2004.52            0            0 
** K = 1, J = 16 
     2008.56      2008.56      2008.56      2008.56      2008.56      2008.56      2008.56 
     2008.56      2008.57      2008.59      2008.62      2008.68      2008.76       2008.9 
     2009.13      2009.51      2010.12      2011.14      2012.86      2015.92      2012.77 
     2010.87       2009.6      2008.67      2007.95      2007.35      2006.83      2006.39 
        2006      2005.68      2005.42      2005.24      2005.11      2005.01      2004.94 
     2004.88      2004.82      2004.76       2004.7      2004.64      2004.58      2004.53 
     2004.49      2004.45      2004.43      2004.42      2004.41      2004.41      2004.41 
     2004.41      2004.41      2004.41            0            0 
** K = 1, J = 17 
     2008.59      2008.59      2008.59      2008.59       2008.6       2008.6      2008.61 
     2008.63      2008.65      2008.68      2008.73      2008.81      2008.91      2009.06 
     2009.27      2009.57      2009.96      2010.43      2010.92      2011.22       2010.7 
     2009.96      2009.21      2008.52      2007.88      2007.31       2006.8      2006.37 
     2006.03      2005.77      2005.56      2005.39      2005.26      2005.14      2005.03 
     2004.92      2004.82      2004.71       2004.6      2004.47      2004.36      2004.27 
     2004.23      2004.22      2004.23      2004.24      2004.25      2004.27      2004.28 
     2004.29      2004.29       2004.3            0            0 
** K = 1, J = 18 
     2008.61      2008.61      2008.62      2008.62      2008.63      2008.64      2008.65 
     2008.67       2008.7      2008.73      2008.78      2008.84      2008.93      2009.03 
     2009.16      2009.32      2009.48      2009.63      2009.72      2009.68      2009.43 
     2009.03      2008.56      2008.03      2007.49      2006.93      2006.38       2005.9 
     2005.68      2005.56      2005.46      2005.37      2005.27      2005.17      2005.06 
     2004.93      2004.78      2004.61      2004.41      2004.19      2003.98      2003.84 
     2003.85      2003.92      2003.99      2004.05       2004.1      2004.13      2004.16 
     2004.18      2004.19      2004.19            0            0 
** K = 1, J = 19 
     2008.63      2008.63      2008.64      2008.64      2008.65      2008.66      2008.67 
     2008.69      2008.71      2008.74      2008.78      2008.82      2008.87      2008.92 
     2008.98      2009.04      2009.07      2009.08      2009.04      2008.92      2008.71 
     2008.41      2008.03      2007.59      2007.06      2006.41      2005.55      2004.29 
      2004.9      2005.17      2005.28      2005.29      2005.25      2005.17      2005.06 
     2004.92      2004.73       2004.5      2004.23      2003.89      2003.45      2002.77 
      2003.3       2003.6      2003.79       2003.9      2003.98      2004.04      2004.07 
     2004.09      2004.11      2004.12            0            0 
** K = 1, J = 20 
     2008.64      2008.65      2008.65      2008.65      2008.66      2008.67      2008.68 
     2008.69      2008.71      2008.73      2008.75      2008.77      2008.79      2008.81 
     2008.81      2008.81      2008.79      2008.73      2008.64       2008.5       2008.3 
     2008.06      2007.76      2007.41      2007.02      2006.59      2006.15      2005.76 
     2005.61      2005.55       2005.5      2005.43      2005.35      2005.24      2005.11 
     2004.94      2004.75      2004.54      2004.32       2004.1      2003.88      2003.73 
     2003.73      2003.79      2003.86      2003.91      2003.96         2004      2004.03 
     2004.05      2004.06      2004.07            0            0 
** K = 1, J = 21 
     2008.65      2008.66      2008.66      2008.66      2008.67      2008.68      2008.68 
     2008.69       2008.7      2008.71      2008.72      2008.72      2008.72      2008.72 
      2008.7      2008.66      2008.61      2008.53      2008.42      2008.27       2008.1 
     2007.88      2007.63      2007.36      2007.07      2006.77      2006.48      2006.22 
     2006.02      2005.86      2005.73      2005.61      2005.49      2005.34      2005.18 
        2005      2004.81      2004.63      2004.45      2004.28      2004.13      2004.03 
     2003.97      2003.95      2003.95      2003.97      2003.98         2004      2004.02 
     2004.03      2004.03      2004.04            0            0 
** K = 1, J = 22 
     2008.66      2008.66      2008.66      2008.67      2008.67      2008.68      2008.68 
     2008.69       2008.7       2008.7       2008.7       2008.7      2008.69      2008.67 
     2008.64      2008.59      2008.52      2008.43      2008.32      2008.18      2008.01 
     2007.81      2007.59      2007.35       2007.1      2006.85      2006.61      2006.39 
      2006.2      2006.02      2005.87      2005.72      2005.57      2005.41      2005.23 
     2005.04      2004.86      2004.68      2004.51      2004.37      2004.24      2004.14 
     2004.07      2004.03      2004.01         2004         2004      2004.01      2004.01 
     2004.02      2004.03      2004.03            0            0 


